Depth 2
312645078
312405678
312645078
142305678
312645078
120345678
142305678
312405678
312645078
142305678
Depth 4
125348670
125304678
142635078
140352678
142358670
142375068
142375680
125348670
312645780
042135678
Depth 6
142307685
320615748
125348067
312408657
142705368
154302678
312705468
125308647
312658740
312458067
Depth 8
235104678
312508467
140652738
162305748
350421678
035421678
432175068
032715468
140652738
351642078
Depth 10
425138067
041362785
125378460
184302657
025371468
254138670
250174368
310762485
025164738
325701468
Depth 12
025168437
035274168
420163785
154603782
128307645
350628714
427135680
354218670
124365780
037421685
Depth 14
162804375
542138067
254106738
432675810
351807462
358102467
370452168
320815647
412538067
145603728
Depth 16
265187430
375248160
423186750
154608723
187302645
182306457
514273068
631728045
017345682
012354687
Depth 18
625714083
250314687
032764185
415368720
285304167
182745036
184267035
081372564
072318654
457208136
Depth 20
057284136
085237146
763821450
087312465
451702638
640781352
257368041
257408163
147306852
430716852